Matrix_1_1,Matrix_1_2,Matrix_1_3,Matrix_1_4,Matrix_2_1,Matrix_2_2,Matrix_2_3,Matrix_2_4,Matrix_3_1,Matrix_3_2,Matrix_3_3,Matrix_3_4
0.9999812296634787,0.005082447901687308,0.003421848045110963,-0.012661929363955791,-0.00506413874639191,0.9999729285182061,-0.005338232804972942,0.01697335722557292,-0.0034488867007322252,0.005320803891277274,0.999979896911171,-0.0009121543424237379
0.9734192693259098,0.03649227157181766,-0.22610448960721755,0.8428860069281257,-0.04172231758456502,0.9989599115203107,-0.018394112936092496,0.0778683701505204,0.2251980779677845,0.02733878729683775,0.973929369301878,0.5299261784311315
0.9212088415140129,0.03248282844493536,-0.3877101187390228,1.449880646708333,-0.0447472053681342,0.9987416615893764,-0.022644668631568173,0.06721666606338587,0.38648668531807445,0.03820941326307437,0.9215031648398931,0.8875332912993947
0.8424526304289324,0.03279277189397456,-0.5377715124426753,1.9999260979107136,-0.05061914587548233,0.9985483782308568,-0.01840756375412953,0.06370236215995544,0.5363872365690755,0.042729035140469246,0.8428896499552923,1.1075806469919183
0.776021632685411,0.02853897858997467,-0.6300602767238305,2.384687544977675,-0.05521080051244574,0.9982146821359816,-0.022786308936204216,0.08510308191925359,0.6282851208735122,0.052468800912563146,0.7762118472554731,1.3278991518643721
0.7297117630888291,0.03319548755086971,-0.6829486089128908,2.5732393510595926,-0.06374457407942079,0.9977735323146597,-0.01961141218168933,0.06683134427647106,0.6807770355154658,0.057844946353047405,0.730203115643988,1.504561632486467
0.660216862057441,0.04138755269483742,-0.7499338407732765,2.815017681752491,-0.07479382939394691,0.9971403647099236,-0.010815551338217329,0.040256079078080806,0.7473416742960446,0.06323103310948278,0.6614244161748888,1.7617800510720052
0.5894358247400311,0.042671090275008663,-0.8066874156498175,3.010953802051252,-0.07423354076090817,0.9972397700536652,-0.0014907881846911615,0.065215239038417,0.8043971593305995,0.06076198711410852,0.5909764724443833,2.0616722333113855
0.5318364321093109,0.04254828612198758,-0.8457775433465468,3.1650754801064434,-0.08192404303884149,0.9966376241949959,-0.0013773928720677148,0.024131756416626425,0.8428751156923594,0.07002206357310141,0.5335339257812535,2.2991586116987413
0.4498001214893255,0.05187828521835787,-0.8916212728681336,3.3654977128604493,-0.09648370075969505,0.9952917053237054,0.009236709454347472,-0.05539270540789434,0.8879024418233694,0.08187224704766032,0.4526877389188548,2.5160361886287577
0.3439466383023212,0.060233966542510335,-0.9370552701282289,3.576913230297272,-0.10166792401283234,0.9944625227623995,0.026606842126878496,-0.10332648594599951,0.9334689835379926,0.08611713009384041,0.34816590395520836,3.050372743407854
0.21523351133813448,0.07926508961332215,-0.9733404240889459,3.747583955638807,-0.12227338248702488,0.9910443448344662,0.053668673421328465,-0.22551878917364376,0.9688775751003008,0.10746232893537855,0.22299796485068119,3.368162123093714
0.12159148013344791,0.08175043451198302,-0.9892079550913748,3.8240308661430387,-0.15744417700342014,0.9855735638468642,0.062097354000850355,-0.32252938201932696,0.9800136953566889,0.14819452318926363,0.1327084782899486,3.666799369100929
0.057215462392034254,0.08437458082202892,-0.994790088900353,3.8278008319284904,-0.12507605603100655,0.9891776158966612,0.07670478744332573,-0.30258545399479697,0.9904960227436524,0.120035721017138,0.0671494944798663,4.049050955153611
-0.09776699427652648,0.07560964264172701,-0.9923330069939847,3.8350298855909997,-0.13152322933570382,0.98738244363104,0.0881904198555824,-0.37522099094584077,0.9864802354711631,0.13913695392952363,-0.08658898934606016,4.5776976872677
-0.27037211610391737,0.05946951905850087,-0.9609174236824102,3.7390217902420226,-0.13286669805534315,0.9862351455891502,0.09842092334772587,-0.3908191342930186,0.9535435802213553,0.15428419850295513,-0.2587489646567511,5.336082463234097
-0.3892881011692214,0.06893001014659116,-0.9185333026021718,3.569810349578968,-0.12682236085404275,0.9836881234233321,0.12756866630677846,-0.5179851712873792,0.9123436102014795,0.1661515258343241,-0.37419621508969986,5.802474876831822
-0.5150788149177383,0.08113975271648458,-0.8532937096639387,3.3332494975299607,-0.11903171450217434,0.9790922849174963,0.16495377703377725,-0.6799315399020684,0.8488375965787632,0.18653320922598202,-0.49465148993027896,6.298302256076562
-0.6966872807919703,0.045503630085079634,-0.715930340488354,2.8007283382178745,-0.10640923964067542,0.9803912564967192,0.16586156246664618,-0.6505329910474037,0.7094391492593172,0.19173524410985088,-0.6781841119226786,7.0598501152795
-0.7798789786845407,0.039520684305473404,-0.624681434107005,2.4788414535968966,-0.0918636096263529,0.9799712268545833,0.1766846675960866,-0.6876464624121726,0.6191525303448049,0.1951781495176898,-0.7606284468243846,7.292194072378256
-0.8604016220496327,0.0012337495342439608,-0.5096150769320387,1.9926981368755479,-0.10183315371868598,0.979412895261641,0.17429971141374648,-0.6731744288279061,0.49933862015476776,0.20186346488975063,-0.8425628071334723,7.726213264927822
-0.9395479345756079,0.030576033746635957,-0.34104953422491846,1.394231924967279,-0.03160521703770071,0.9840098513788166,0.17528754275600636,-0.6902693687208195,0.3409556993081493,0.17546999330302462,-0.9235580612823037,7.9132106148251165
-0.9557422555210981,0.11547316574550352,-0.2705969124069143,1.079761186804442,0.05433022068488062,0.9732093762657469,0.22340934866018497,-0.8551754070165548,0.2891452370899026,0.19882016482526965,-0.9364110069446411,7.838787895674784
-0.9890717370370914,-0.04577981035366122,-0.14014745077386714,0.5615970502115781,-0.06686697776890024,0.986472519384082,0.14966888716120932,-0.5876152676297852,0.1313997955800697,0.15740450268020997,-0.9787532458477528,7.8662496200744325
-0.9976065814577323,-0.020662884505447194,0.06598601242787339,-0.1308375558591663,-0.007805022491046361,0.9818575432529313,0.1894593528470754,-0.7256721754755322,-0.06870364077784505,0.18849087500787118,-0.9796688214813392,8.350913113287412
-0.9896509860476954,-0.046565063458717915,0.13572995498382004,-0.41603137185680517,-0.021085710472623892,0.9828065917591634,0.18343008479691264,-0.6860470741007714,-0.14193772799607904,0.1786698017568259,-0.9736173700748604,8.261736984098567
-0.9656453808288793,-0.13291266661480391,0.22330074235700745,-0.792066076413989,-0.09264834606118416,0.9789201287818479,0.18202105767701282,-0.6807587710264583,-0.24278649562110263,0.15507934910578314,-0.9576038392910458,8.185146077639367
-0.9104561091913788,-0.1282038506393628,0.3932345939987174,-1.50040133086325,-0.07941634339887013,0.9872442058952414,0.13799247199549552,-0.5290080831356851,-0.40590974075186825,0.09440683559740175,-0.9090239995485467,7.7770838139240235
