Matrix_1_1,Matrix_1_2,Matrix_1_3,Matrix_1_4,Matrix_2_1,Matrix_2_2,Matrix_2_3,Matrix_2_4,Matrix_3_1,Matrix_3_2,Matrix_3_3,Matrix_3_4
1.0,0.0,0.0,0.0,0.0,1.0,0.0,0.0,0.0,0.0,1.0,0.0
0.994521574418046,-0.01495427175205006,0.10345630852402005,-0.9719504101847216,0.014191837787703145,0.9998664670844932,0.008101835605673978,0.009644761024784065,-0.10356365075285291,-0.006589215153543868,0.9946010016516177,0.23498803953930641
0.983929177045229,-0.01942669481788939,0.177499234047787,-1.6414086031448905,0.016948621800428665,0.9997367272301839,0.015466752928356864,0.03087546330062607,-0.17775297122176192,-0.01220982209261838,0.9839993909887862,0.2827936469662182
0.9315236759229784,-0.04353935119138086,0.36106504413024476,-3.210178188591891,0.03965011354122833,0.9990482889953792,0.01817648897815244,-0.13348100186721118,-0.36151280709140804,-0.0026155598327692875,0.9323634748077873,0.6635943543601988
0.8495461837606544,-0.05580637924325091,0.5245540293367945,-4.71837511947215,0.045710805892062334,0.9984359240064633,0.032190493597606396,-0.2540136351975427,-0.5255300218659313,-0.003369523574305089,0.8507683835383608,1.43357331586171
0.6311984694655867,-0.0687585085899204,0.7725676408191007,-6.887181979201099,0.05564386500840687,0.9975106167909739,0.04331662124655159,-0.3229358111879876,-0.7736228101802759,0.015647264482357582,0.633453163764293,3.170290370712272
0.2622984984643428,-0.08990331760812328,0.9607897226690159,-8.595502128059152,0.04465356488493383,0.9957149044160003,0.08098078949295642,-0.6234002007539772,-0.9639530885091963,0.021661546733518888,0.26518902795306865,5.335279619407243
0.06732405244543926,-0.10878857576239624,0.9917824951802251,-8.95345718834018,0.004871408909846595,0.9940617984945983,0.10870791208057348,-0.7788316423156573,-0.9977192698036642,-0.0024872790904958697,0.06745422229311643,7.493737813489217
0.1929363605717065,-0.0858860283890796,0.9774452163149066,-8.91927220461852,0.03891740425223205,0.9960477946492948,0.0798387526239263,-0.6654909650512468,-0.9804391854753729,0.022635832253892485,0.195516297741546,5.965322771771033
0.4303213607538461,-0.09871172454535024,0.8972622369832808,-7.973214975839282,0.05150370202553389,0.9950684664951597,0.08477096003134615,-0.7096270998967515,-0.9012052458550288,0.009733572019252151,0.4332832357928502,4.027324402245924
0.7245606778062725,-0.057332434959707135,0.6868222594518218,-6.102018187421392,0.027152664890125522,0.9981349694808113,0.054674632956281055,-0.4548475065726736,-0.6886759448145982,-0.020966034463637984,0.7247660784229558,2.8390862342766656
0.8992038552891801,-0.03342897051680871,0.4362509949137781,-3.8423586381474806,0.014749492727455807,0.9988262661118457,0.04613613106179171,-0.3380476439762266,-0.4372812357023312,-0.03505130604206408,0.8986414896093924,1.1331994068337963
0.9626569277189779,-0.003610961105062621,0.27070020405340783,-2.422946554246064,-0.004828614475667473,0.9995229703299376,0.03050436468874747,-0.20162665963069165,-0.2706812220988082,-0.030672344917147334,0.9621802758633018,0.5394777275058722
0.9980114988855648,0.0470565533348789,-0.04193720162850284,0.5141408092457305,-0.04659082133853251,0.9988417964657802,0.012015032251877944,-0.04958287539888903,0.04245401581934233,-0.010037251678343684,0.9990480019095962,0.4998785717015366
0.9601053194626741,0.08336903292769432,-0.2669220483365462,2.621166761511399,-0.09444552570218573,0.995110220130797,-0.028908345958812094,0.12540336166898847,0.2632067974318184,0.05296464990857215,0.9632844479413899,0.4045357854681324
0.9412823407649685,0.09427643224591926,-0.32419054472177655,3.094722286221785,-0.09510727265088914,0.9953779241094828,0.013318967092319223,-0.08303105619885676,0.323947776119749,0.018295970006464435,0.9458980366977149,0.82520482337633
0.8870829758525802,0.10124623193060883,-0.45036984187707774,4.257145992643278,-0.1068095868482674,0.9941929141245138,0.013121038903589788,-0.14453101411865432,0.44908296127757186,0.036464366502936274,0.8927456770355747,1.1853623470439523
0.801415249589773,0.10143603402727144,-0.5894440844777225,5.541366995932358,-0.11293003999054724,0.9934502345872384,0.017419456544181398,-0.13139408674390773,0.5873503245872054,0.05260572591818734,0.8076213430859323,2.1771981969599725
0.7276464341968747,0.12374543997714443,-0.6746982532106007,6.282748334896033,-0.13587347034158448,0.9901057381873622,0.035057485160701285,-0.32484583087607355,0.6723608159745091,0.06616413902803536,0.7372606322385393,2.8753851330879137
0.6332871048949251,0.14991865998482684,-0.7592574254902997,7.058794978506164,-0.16998013759084415,0.9840466333427078,0.05252595769217383,-0.5298263589939685,0.7550193345858116,0.09579466997300118,0.6486672379628573,3.766942651907457
0.5194784705452034,0.13319325541437144,-0.8440389063023921,7.779274407417611,-0.1675179212584315,0.984483237611395,0.05225419523291358,-0.46004118548792927,0.8379020615186897,0.1142467136258524,0.5337301038244162,5.300511804305529
0.45939497410955316,0.13606468312762843,-0.8777486313109585,8.082306629056573,-0.17034253898852436,0.9833508699476138,0.06328100808468637,-0.5584072285579988,0.8717451905079983,0.12044695338051997,0.47492405103081986,5.481457914979435
0.3603226826818021,0.14096855837214423,-0.9221146511662576,8.529608937831195,-0.175090243568718,0.9811668371579796,0.08157845468292335,-0.7128864537756364,0.9162483129327097,0.13205871123059681,0.3782188861440919,6.177675599195433
0.24126228083341358,0.11237517715975298,-0.9639317047412506,8.791560755205824,-0.17673646038909063,0.9817503636476217,0.07021714211571212,-0.601170666553225,0.9542309654460992,0.15342112969235006,0.2567201229894702,7.552301798608501
0.06462723829715859,0.1479299078968751,-0.9868840167009011,9.070894411413901,-0.16260893451439049,0.9772946225708642,0.13584386298308188,-1.219208544162596,0.9845718127623686,0.1516969447408013,0.08721457716534159,8.805225515602697
-0.006832712663390528,0.23228635018246535,-0.9726234448935356,8.838605333565644,-0.18363385006322092,0.9558137781158045,0.2295618232088034,-2.024243767636439,0.9829709676021047,0.18017511782402273,0.0361248358955647,8.994237875061076
-0.1614584414027116,0.06981677387689955,-0.9844068212813386,8.850566244056186,-0.14815301952103913,0.9844754445442765,0.0941211022892745,-0.8356182918434052,0.9756955747089384,0.16103948948866964,-0.1486083050122803,10.352881198595068
-0.3573886839732106,0.09237850899303898,-0.9293758871652092,8.534302175756638,-0.1661965580817931,0.9729238032594704,0.16061748700839756,-1.3926787571964967,0.9190495267664642,0.21186194591608612,-0.3323589674177419,13.096225452494394
-0.4242689290152939,0.06720348590503517,-0.9030390729943125,8.242945097109608,-0.15317478805067103,0.9775456715969286,0.14471331745123522,-1.2045223743976512,0.8924871764780979,0.1997201828166641,-0.40444837544219514,13.579451019534657
-0.5095638734224234,-0.013263484081277588,-0.8603305986030966,7.745252643222056,-0.1619539712470015,0.9834879378310395,0.0807612985171412,-0.6205869218938637,0.8450535900758378,0.1804869971241005,-0.5032979969849503,14.453976247716579
-0.6680516380766102,-0.01868991555883881,-0.7438801623376992,6.540361919130179,-0.108524202722561,0.9914427590292644,0.07255172631903745,-0.5687644222284194,0.7361586148966746,0.12919730115154693,-0.6643632674136689,15.370904869119563
